

=======================
Global stiffness matrix:
=======================

    4.0500e+01	   -1.3000e+01	   -1.2500e+01	    0.0000e+00	    0.0000e+00	    0.0000e+00	    0.0000e+00	
   -1.3000e+01	    7.6500e+01	    0.0000e+00	   -1.2500e+01	   -1.5000e+01	    1.1102e-16	   -1.2000e+01	
   -1.2500e+01	    0.0000e+00	    4.0500e+01	   -1.3000e+01	    0.0000e+00	    0.0000e+00	    0.0000e+00	
    0.0000e+00	   -1.2500e+01	   -1.3000e+01	    4.0500e+01	    0.0000e+00	    0.0000e+00	    0.0000e+00	
    0.0000e+00	   -1.5000e+01	    0.0000e+00	    0.0000e+00	    3.0000e+01	   -1.5000e+01	    0.0000e+00	
    0.0000e+00	    1.1102e-16	    0.0000e+00	    0.0000e+00	   -1.5000e+01	    3.0000e+01	   -1.5000e+01	
    0.0000e+00	   -1.2000e+01	    0.0000e+00	    0.0000e+00	    0.0000e+00	   -1.5000e+01	    3.6000e+01	


=======================
Global load matrix:
=======================

    3.7500e+02
    3.0600e+04
    3.7500e+02
    3.7500e+02
    4.5000e+04
    9.0000e+04
    4.5225e+04


=======================
 Temperature
 =======================
0000000200
3.3521888679e+03
0000000200
1.1080829839e+03
8.5067439985e+03
1.0661299129e+04
6.8158542598e+03
