

=======================
Global stiffness matrix:
=======================

    3.4500e+01	    5.0000e+00	    4.1667e+00	    0.0000e+00	    0.0000e+00	    0.0000e+00	    0.0000e+00	   -2.2000e+01	   -4.4409e-15	   -1.6667e+01	    0.0000e+00	    0.0000e+00	    0.0000e+00	    0.0000e+00	    0.0000e+00	    0.0000e+00	
    5.0000e+00	    6.6900e+01	    1.1542e-16	    4.1667e+00	   -1.1667e+01	   -2.1129e-15	    4.4000e+00	   -2.2000e+01	    6.6613e-15	    8.8818e-16	    2.6645e-15	   -2.0000e+01	   -4.6629e-15	   -1.3323e-15	   -1.8800e+01	   -8.8818e-15	
    4.1667e+00	    1.1542e-16	    3.4500e+01	    5.0000e+00	    0.0000e+00	    0.0000e+00	    0.0000e+00	   -1.7764e-15	    9.7700e-15	   -1.6667e+01	   -2.2000e+01	    0.0000e+00	    0.0000e+00	    0.0000e+00	    0.0000e+00	    0.0000e+00	
    0.0000e+00	    4.1667e+00	    5.0000e+00	    3.4500e+01	   -1.6667e+01	    0.0000e+00	    0.0000e+00	    0.0000e+00	    1.2434e-14	    0.0000e+00	   -2.2000e+01	    0.0000e+00	    0.0000e+00	    0.0000e+00	    0.0000e+00	    0.0000e+00	
    0.0000e+00	   -1.1667e+01	    0.0000e+00	   -1.6667e+01	    1.1133e+02	    5.0000e+00	    0.0000e+00	    0.0000e+00	   -4.8000e+01	    0.0000e+00	   -1.0658e-14	   -2.0000e+01	   -2.0000e+01	    0.0000e+00	    0.0000e+00	   -1.4211e-14	
    0.0000e+00	   -2.1129e-15	    0.0000e+00	    0.0000e+00	    5.0000e+00	    3.0000e+01	    5.0000e+00	    0.0000e+00	    0.0000e+00	    0.0000e+00	    0.0000e+00	   -9.7700e-15	   -2.0000e+01	   -2.0000e+01	   -1.0658e-14	    5.2403e-14	
    0.0000e+00	    4.4000e+00	    0.0000e+00	    0.0000e+00	    0.0000e+00	    5.0000e+00	    3.2400e+01	    0.0000e+00	    0.0000e+00	    0.0000e+00	    0.0000e+00	    0.0000e+00	    0.0000e+00	   -2.0000e+01	   -1.8800e+01	   -2.9310e-14	
   -2.2000e+01	   -2.2000e+01	   -1.7764e-15	    0.0000e+00	    0.0000e+00	    0.0000e+00	    0.0000e+00	    9.7333e+01	   -3.3333e+01	   -1.0658e-14	    0.0000e+00	    0.0000e+00	    0.0000e+00	    0.0000e+00	    0.0000e+00	    0.0000e+00	
   -4.4409e-15	    6.6613e-15	    9.7700e-15	    1.2434e-14	   -4.8000e+01	    0.0000e+00	    0.0000e+00	   -3.3333e+01	    1.6267e+02	   -4.8000e+01	   -3.3333e+01	    0.0000e+00	    0.0000e+00	    0.0000e+00	    0.0000e+00	    0.0000e+00	
   -1.6667e+01	    8.8818e-16	   -1.6667e+01	    0.0000e+00	    0.0000e+00	    0.0000e+00	    0.0000e+00	   -1.0658e-14	   -4.8000e+01	    8.1333e+01	    0.0000e+00	    0.0000e+00	    0.0000e+00	    0.0000e+00	    0.0000e+00	    0.0000e+00	
    0.0000e+00	    2.6645e-15	   -2.2000e+01	   -2.2000e+01	   -1.0658e-14	    0.0000e+00	    0.0000e+00	    0.0000e+00	   -3.3333e+01	    0.0000e+00	    9.7333e+01	    0.0000e+00	    0.0000e+00	    0.0000e+00	    0.0000e+00	    0.0000e+00	
    0.0000e+00	   -2.0000e+01	    0.0000e+00	    0.0000e+00	   -2.0000e+01	   -9.7700e-15	    0.0000e+00	    0.0000e+00	    0.0000e+00	    0.0000e+00	    0.0000e+00	    8.0000e+01	    2.4869e-14	    0.0000e+00	    0.0000e+00	   -4.0000e+01	
    0.0000e+00	   -4.6629e-15	    0.0000e+00	    0.0000e+00	   -2.0000e+01	   -2.0000e+01	    0.0000e+00	    0.0000e+00	    0.0000e+00	    0.0000e+00	    0.0000e+00	    2.4869e-14	    8.0000e+01	    0.0000e+00	    0.0000e+00	   -4.0000e+01	
    0.0000e+00	   -1.3323e-15	    0.0000e+00	    0.0000e+00	    0.0000e+00	   -2.0000e+01	   -2.0000e+01	    0.0000e+00	    0.0000e+00	    0.0000e+00	    0.0000e+00	    0.0000e+00	    0.0000e+00	    8.0000e+01	    2.3093e-14	   -4.0000e+01	
    0.0000e+00	   -1.8800e+01	    0.0000e+00	    0.0000e+00	    0.0000e+00	   -1.0658e-14	   -1.8800e+01	    0.0000e+00	    0.0000e+00	    0.0000e+00	    0.0000e+00	    0.0000e+00	    0.0000e+00	    2.3093e-14	    8.9600e+01	   -4.0000e+01	
    0.0000e+00	   -8.8818e-15	    0.0000e+00	    0.0000e+00	   -1.4211e-14	    5.2403e-14	   -2.9310e-14	    0.0000e+00	    0.0000e+00	    0.0000e+00	    0.0000e+00	   -4.0000e+01	   -4.0000e+01	   -4.0000e+01	   -4.0000e+01	    1.6000e+02	


=======================
Global load matrix:
=======================

    1.2500e+02
    2.0000e+02
    1.2500e+02
    1.2500e+02
    1.0000e+04
    2.0000e+04
    1.0075e+04
    5.0000e+02
    0.0000e+00
    0.0000e+00
    5.0000e+02
    1.5000e+04
    5.5000e+04
    5.5000e+04
    1.5300e+04
    3.0000e+04


=======================
 Temperature
 =======================
0000000200
3.0605567046e+03
0000000200
1.4769441987e+03
2.7834848084e+03
8.2195235203e+03
5.6762771450e+03
1.1847798577e+03
1.2925897596e+03
0000000200
8.2684004476e+02
4.5707721384e+03
6.3605138423e+03
7.0837119264e+03
4.6130961739e+03
5.8445235203e+03
